+------------------------------------------------------------------------------------------------------------------------------------------------------------------------------------------------------------------------------------------------------------------+
; Legal Partition Candidates                                                                                                                                                                                                                                       ;
+-------------------------------------------------------------+-------+----------------+--------------+----------------+--------+-----------------+---------------+-----------------+-------+----------------+--------------+------------------+-------------------+
; Hierarchy                                                   ; Input ; Constant Input ; Unused Input ; Floating Input ; Output ; Constant Output ; Unused Output ; Floating Output ; Bidir ; Constant Bidir ; Unused Bidir ; Input only Bidir ; Output only Bidir ;
+-------------------------------------------------------------+-------+----------------+--------------+----------------+--------+-----------------+---------------+-----------------+-------+----------------+--------------+------------------+-------------------+
; inst1|inst6                                                 ; 11    ; 0              ; 0            ; 0              ; 0      ; 0               ; 0             ; 0               ; 10    ; 0              ; 0            ; 0                ; 10                ;
; inst1|inst8                                                 ; 14    ; 0              ; 0            ; 0              ; 0      ; 0               ; 0             ; 0               ; 13    ; 0              ; 0            ; 0                ; 13                ;
; inst1|inst1|altsyncram_component|auto_generated|mux2        ; 21    ; 0              ; 0            ; 0              ; 10     ; 0               ; 0             ; 0               ; 0     ; 0              ; 0            ; 0                ; 0                 ;
; inst1|inst1|altsyncram_component|auto_generated|deep_decode ; 2     ; 1              ; 0            ; 1              ; 2      ; 1               ; 1             ; 1               ; 0     ; 0              ; 0            ; 0                ; 0                 ;
; inst1|inst1|altsyncram_component|auto_generated|decode3     ; 2     ; 0              ; 0            ; 0              ; 2      ; 0               ; 0             ; 0               ; 0     ; 0              ; 0            ; 0                ; 0                 ;
; inst1|inst1|altsyncram_component|auto_generated             ; 26    ; 0              ; 0            ; 0              ; 10     ; 0               ; 0             ; 0               ; 0     ; 0              ; 0            ; 0                ; 0                 ;
; inst1|inst1                                                 ; 26    ; 0              ; 0            ; 0              ; 10     ; 0               ; 0             ; 0               ; 0     ; 0              ; 0            ; 0                ; 0                 ;
; inst1|inst13                                                ; 11    ; 0              ; 0            ; 0              ; 0      ; 0               ; 0             ; 0               ; 10    ; 0              ; 0            ; 0                ; 0                 ;
; inst1|inst5                                                 ; 14    ; 0              ; 0            ; 0              ; 0      ; 0               ; 0             ; 0               ; 13    ; 0              ; 0            ; 0                ; 13                ;
; inst1|inst|altsyncram_component|auto_generated|mux2         ; 21    ; 0              ; 0            ; 0              ; 10     ; 0               ; 0             ; 0               ; 0     ; 0              ; 0            ; 0                ; 0                 ;
; inst1|inst|altsyncram_component|auto_generated|deep_decode  ; 2     ; 1              ; 0            ; 1              ; 2      ; 1               ; 1             ; 1               ; 0     ; 0              ; 0            ; 0                ; 0                 ;
; inst1|inst|altsyncram_component|auto_generated              ; 14    ; 0              ; 0            ; 0              ; 10     ; 0               ; 0             ; 0               ; 0     ; 0              ; 0            ; 0                ; 0                 ;
; inst1|inst                                                  ; 14    ; 0              ; 0            ; 0              ; 10     ; 0               ; 0             ; 0               ; 0     ; 0              ; 0            ; 0                ; 0                 ;
; inst1|inst14                                                ; 11    ; 0              ; 0            ; 0              ; 0      ; 0               ; 0             ; 0               ; 10    ; 0              ; 0            ; 0                ; 0                 ;
; inst1                                                       ; 27    ; 0              ; 0            ; 0              ; 10     ; 0               ; 0             ; 0               ; 0     ; 0              ; 0            ; 0                ; 0                 ;
; inst|inst28                                                 ; 11    ; 0              ; 0            ; 0              ; 0      ; 0               ; 0             ; 0               ; 10    ; 0              ; 0            ; 0                ; 0                 ;
; inst|inst61                                                 ; 11    ; 0              ; 0            ; 0              ; 0      ; 0               ; 0             ; 0               ; 10    ; 0              ; 0            ; 0                ; 0                 ;
; inst|inst51                                                 ; 5     ; 0              ; 0            ; 0              ; 0      ; 0               ; 0             ; 0               ; 4     ; 0              ; 0            ; 0                ; 0                 ;
; inst|inst47                                                 ; 5     ; 0              ; 0            ; 0              ; 0      ; 0               ; 0             ; 0               ; 4     ; 0              ; 0            ; 0                ; 0                 ;
; inst|inst42                                                 ; 5     ; 0              ; 0            ; 0              ; 0      ; 0               ; 0             ; 0               ; 4     ; 0              ; 0            ; 0                ; 0                 ;
; inst|inst43                                                 ; 5     ; 0              ; 0            ; 0              ; 0      ; 0               ; 0             ; 0               ; 4     ; 0              ; 0            ; 0                ; 0                 ;
; inst|inst32                                                 ; 11    ; 0              ; 0            ; 0              ; 0      ; 0               ; 0             ; 0               ; 10    ; 0              ; 0            ; 0                ; 0                 ;
; inst|inst1|inst10                                           ; 11    ; 0              ; 0            ; 0              ; 10     ; 0               ; 0             ; 0               ; 0     ; 0              ; 0            ; 0                ; 0                 ;
; inst|inst1|inst5                                            ; 11    ; 0              ; 0            ; 0              ; 10     ; 0               ; 0             ; 0               ; 0     ; 0              ; 0            ; 0                ; 0                 ;
; inst|inst1|inst9                                            ; 11    ; 0              ; 0            ; 0              ; 10     ; 0               ; 0             ; 0               ; 0     ; 0              ; 0            ; 0                ; 0                 ;
; inst|inst1|inst4                                            ; 11    ; 0              ; 0            ; 0              ; 10     ; 0               ; 0             ; 0               ; 0     ; 0              ; 0            ; 0                ; 0                 ;
; inst|inst1|inst8                                            ; 11    ; 0              ; 0            ; 0              ; 10     ; 0               ; 0             ; 0               ; 0     ; 0              ; 0            ; 0                ; 0                 ;
; inst|inst1|inst3                                            ; 11    ; 0              ; 0            ; 0              ; 10     ; 0               ; 0             ; 0               ; 0     ; 0              ; 0            ; 0                ; 0                 ;
; inst|inst1|inst7                                            ; 11    ; 0              ; 0            ; 0              ; 10     ; 0               ; 0             ; 0               ; 0     ; 0              ; 0            ; 0                ; 0                 ;
; inst|inst1|inst2                                            ; 11    ; 0              ; 0            ; 0              ; 10     ; 0               ; 0             ; 0               ; 0     ; 0              ; 0            ; 0                ; 0                 ;
; inst|inst1|inst6                                            ; 11    ; 0              ; 0            ; 0              ; 10     ; 0               ; 0             ; 0               ; 0     ; 0              ; 0            ; 0                ; 0                 ;
; inst|inst1|inst|lpm_decode_component|auto_generated         ; 5     ; 0              ; 0            ; 0              ; 16     ; 0               ; 0             ; 0               ; 0     ; 0              ; 0            ; 0                ; 0                 ;
; inst|inst1|inst                                             ; 5     ; 0              ; 0            ; 0              ; 10     ; 0               ; 0             ; 0               ; 0     ; 0              ; 0            ; 0                ; 0                 ;
; inst|inst1|inst1                                            ; 11    ; 0              ; 0            ; 0              ; 10     ; 0               ; 0             ; 0               ; 0     ; 0              ; 0            ; 0                ; 0                 ;
; inst|inst1                                                  ; 15    ; 0              ; 0            ; 0              ; 100    ; 0               ; 0             ; 0               ; 0     ; 0              ; 0            ; 0                ; 0                 ;
; inst|inst16|lpm_mux_component|auto_generated                ; 104   ; 0              ; 0            ; 0              ; 10     ; 0               ; 0             ; 0               ; 0     ; 0              ; 0            ; 0                ; 0                 ;
; inst|inst16                                                 ; 104   ; 0              ; 0            ; 0              ; 10     ; 0               ; 0             ; 0               ; 0     ; 0              ; 0            ; 0                ; 0                 ;
; inst|inst55                                                 ; 11    ; 0              ; 0            ; 0              ; 0      ; 0               ; 0             ; 0               ; 10    ; 0              ; 0            ; 0                ; 0                 ;
; inst|inst46|lpm_add_sub_component|auto_generated            ; 28    ; 0              ; 0            ; 0              ; 14     ; 0               ; 0             ; 0               ; 0     ; 0              ; 0            ; 0                ; 0                 ;
; inst|inst46                                                 ; 28    ; 8              ; 0            ; 8              ; 14     ; 8               ; 8             ; 8               ; 0     ; 0              ; 0            ; 0                ; 0                 ;
; inst|inst81                                                 ; 15    ; 0              ; 0            ; 0              ; 14     ; 0               ; 0             ; 0               ; 0     ; 0              ; 0            ; 0                ; 0                 ;
; inst|inst85                                                 ; 15    ; 0              ; 0            ; 0              ; 0      ; 0               ; 0             ; 0               ; 14    ; 0              ; 0            ; 0                ; 0                 ;
; inst|inst24                                                 ; 15    ; 0              ; 0            ; 0              ; 0      ; 0               ; 0             ; 0               ; 14    ; 0              ; 0            ; 0                ; 0                 ;
; inst|inst9|lpm_counter_component|auto_generated             ; 17    ; 0              ; 0            ; 0              ; 14     ; 0               ; 0             ; 0               ; 0     ; 0              ; 0            ; 0                ; 0                 ;
; inst|inst9                                                  ; 16    ; 1              ; 0            ; 1              ; 14     ; 1               ; 1             ; 1               ; 0     ; 0              ; 0            ; 0                ; 0                 ;
; inst|inst4                                                  ; 15    ; 0              ; 0            ; 0              ; 0      ; 0               ; 0             ; 0               ; 14    ; 0              ; 0            ; 0                ; 14                ;
; inst|inst7                                                  ; 11    ; 0              ; 0            ; 0              ; 10     ; 0               ; 0             ; 0               ; 0     ; 0              ; 0            ; 0                ; 0                 ;
; inst|inst8                                                  ; 11    ; 0              ; 0            ; 0              ; 10     ; 0               ; 0             ; 0               ; 0     ; 0              ; 0            ; 0                ; 0                 ;
; inst|inst6                                                  ; 11    ; 0              ; 0            ; 0              ; 10     ; 0               ; 0             ; 0               ; 0     ; 0              ; 0            ; 0                ; 0                 ;
; inst|inst                                                   ; 30    ; 8              ; 4            ; 8              ; 38     ; 8               ; 8             ; 8               ; 0     ; 0              ; 0            ; 0                ; 0                 ;
; inst|inst12|lpm_decode_component|auto_generated             ; 4     ; 0              ; 0            ; 0              ; 16     ; 0               ; 0             ; 0               ; 0     ; 0              ; 0            ; 0                ; 0                 ;
; inst|inst12                                                 ; 4     ; 13             ; 0            ; 13             ; 16     ; 13              ; 13            ; 13              ; 0     ; 0              ; 0            ; 0                ; 0                 ;
; inst|inst2|lpm_counter_component|auto_generated             ; 3     ; 0              ; 0            ; 0              ; 4      ; 0               ; 0             ; 0               ; 0     ; 0              ; 0            ; 0                ; 0                 ;
; inst|inst2                                                  ; 2     ; 1              ; 0            ; 1              ; 4      ; 1               ; 1             ; 1               ; 0     ; 0              ; 0            ; 0                ; 0                 ;
; inst|inst3|lpm_decode_component|auto_generated              ; 4     ; 0              ; 0            ; 0              ; 16     ; 0               ; 0             ; 0               ; 0     ; 0              ; 0            ; 0                ; 0                 ;
; inst|inst3                                                  ; 4     ; 2              ; 0            ; 2              ; 16     ; 2               ; 2             ; 2               ; 0     ; 0              ; 0            ; 0                ; 0                 ;
; inst                                                        ; 25    ; 0              ; 0            ; 0              ; 103    ; 0               ; 0             ; 0               ; 0     ; 0              ; 0            ; 0                ; 0                 ;
+-------------------------------------------------------------+-------+----------------+--------------+----------------+--------+-----------------+---------------+-----------------+-------+----------------+--------------+------------------+-------------------+
